"Method","name1","name2","HeS","HoS","DL","HD","DR"
"CbMPDiCbraya","m.R.A.R.1","m.R.A.R.2",0.00645148939428747,0.571349261046022,0.00872961176200322,0.186844321923578,0.22662531587411
"CbMPDiCbraya","m.R.A.R.1","m.R.A.R.3",0.0103568420246573,0.464086070908952,0.02004364805881,0.184795926181178,0.320717512826403
"CbMPDiCbraya","m.R.A.R.1","m.R.A.R.4",0.00626005053985757,0.537828317635347,0.0142430507695842,0.0670418868213493,0.374626694233862
"CbMPDiCbraya","m.R.A.R.1","m.R.A.R.5",0.00670035990504633,0.528964698675243,0.0234512596676621,0.130025269928785,0.310858411823264
"CbMPDiCbraya","m.R.A.R.1","m.R.A.R.6",0.00752354697909488,0.458687495214029,0.0251550654720882,0.156080098016693,0.352553794318095
"CbMPDiCbraya","m.R.A.R.1","m.R.B.R.1",0.00120606478290834,0.471801056742476,0.0315299793246037,0.151332414426832,0.344130484723179
"CbMPDiCbraya","m.R.A.R.1","m.R.B.R.2",0.0098591010031396,0.478577992189295,0.0124435255379432,0.192664063098246,0.306455318171376
"CbMPDiCbraya","m.R.A.R.1","m.R.B.R.3",0.00166551803354009,0.471839344513362,0.0280075044030937,0.169901983306532,0.328585649743472
"CbMPDiCbraya","m.R.A.R.1","m.R.B.R.4",0.00185695688796998,0.528409525997396,0.0152002450417337,0.0972700819358297,0.35726319013707
"CbMPDiCbraya","m.R.A.R.1","m.R.B.R.5",0.00246956122214565,0.537790029864461,0.0142813385404702,0.10912014702504,0.336338923347883
"CbMPDiCbraya","m.R.A.R.1","m.R.B.R.6",0.0012826403246803,0.497798453174056,0.0289455547898001,0.163297342828701,0.308676008882763
"CbMPDiCbraya","m.R.A.R.1","m.R.C.R.1",0.00266100007657554,0.631575924649667,0.0155448349797075,0.100945707940884,0.249272532353166
"CbMPDiCbraya","m.R.A.R.1","m.R.C.R.2",0.000708323761390612,0.618998391913623,0.0184355616815989,0.107339765678842,0.254517956964546
"CbMPDiCbraya","m.R.A.R.1","m.R.C.R.3",0,0.524102151772724,0.0210965617581744,0.195229343747607,0.259571942721495
"CbMPDiCbraya","m.R.A.R.1","m.R.C.R.4",0.00130178421012329,0.522589784822728,0.0158319932613523,0.149724328049621,0.310552109656176
"CbMPDiCbraya","m.R.A.R.1","m.R.C.R.5",0.00476682747530439,0.524810475534114,0.0211157056436174,0.140898996860403,0.308407994486561
"CbMPDiCbraya","m.R.A.R.1","m.R.C.R.6",0,0.5309939505322,0.0230875258442453,0.126962248257906,0.318956275365648
"CbMPDiCbraya","m.R.A.R.1","m.R.D.R.1",0.00114863312657937,0.517516655180335,0.0211539934145034,0.0735316639865227,0.386649054292059
"CbMPDiCbraya","m.R.A.R.1","m.R.D.R.2",0.00570487786201087,0.483612834060801,0.0275863389233479,0.0539666130637874,0.429129336090053
"CbMPDiCbraya","m.R.A.R.1","m.R.D.R.3",0.00105291369936442,0.509016770043648,0.0141473313423692,0.174458228041963,0.301324756872655
"CbMPDiCbraya","m.R.A.R.1","m.R.D.R.4",0,0.52638027414044,0.0140516119151543,0.105635959874416,0.35393215406999
"CbMPDiCbraya","m.R.A.R.1","m.R.D.R.5",0.00392449651581285,0.508442453480358,0.0247530438777854,0.125564744620568,0.337315261505475
"CbMPDiCbraya","m.R.A.R.1","m.R.D.R.6",0.00202925185695689,0.45709855272226,0.0245998927942415,0.12678995328892,0.389482349337622
"CbMPDiCbraya","m.R.A.R.1","m.T.A.R.1",0,0.408568803124282,0.0623707787732598,0.0459070372922888,0.483153380810169
"CbMPDiCbraya","m.R.A.R.1","m.T.A.R.2",0.00185695688796998,0.413565357224902,0.0375794471245884,0.0947430890573551,0.452255149705184
"CbMPDiCbraya","m.R.A.R.1","m.T.A.R.3",0.0104717053373153,0.407037292288843,0.0386323608239528,0.0485680373688644,0.495290604181025
"CbMPDiCbraya","m.R.A.R.1","m.T.A.R.4",0.00124435255379432,0.465904740026036,0.0858794700972509,0.0574890879852975,0.389482349337622
"CbMPDiCbraya","m.R.A.R.1","m.T.A.R.5",0.00176123746075503,0.428650738953978,0.063864001837813,0.069396584730837,0.436327437016617
"CbMPDiCbraya","m.R.A.R.1","m.T.A.R.6",0,0.398058810016081,0.0415422314112872,0.0464622099701355,0.513936748602496
"CbMPDiCbraya","m.R.A.R.1","m.T.B.R.1",0,0.423386170457156,0.0403553105138219,0.0767478367409449,0.459510682288077
"CbMPDiCbraya","m.R.A.R.1","m.T.B.R.2",0.00348418715062409,0.435121372233709,0.051133318018225,0.0487594762232943,0.461501646374148
"CbMPDiCbraya","m.R.A.R.1","m.T.B.R.3",0.000306302167087832,0.411746688107818,0.0585802894555479,0.0557661382954284,0.473600581974117
"CbMPDiCbraya","m.R.A.R.1","m.T.B.R.4",0.00277586338923348,0.426238609388161,0.041963396891033,0.0968872042269699,0.432134926104602
"CbMPDiCbraya","m.R.A.R.1","m.T.B.R.5",0.00256528064936059,0.428287005130561,0.0518799295505016,0.0964660387472241,0.420801745922352
"CbMPDiCbraya","m.R.A.R.1","m.T.B.R.6",0.00359905046328203,0.406482119610996,0.0484340301707635,0.116835132858565,0.424649666896393
"CbMPDiCbraya","m.R.A.R.1","m.T.C.R.1",0.0027375756183475,0.39997319856038,0.109541312504786,0.0525882533118922,0.435159660004595
"CbMPDiCbraya","m.R.A.R.1","m.T.C.R.2",0.00197182020062792,0.394459759552799,0.0686499731985604,0.0694540163871659,0.465464430660847
"CbMPDiCbraya","m.R.A.R.1","m.T.C.R.3",0,0.41406309824642,0.0522436633739184,0.0759820813232254,0.457711157056436
"CbMPDiCbraya","m.R.A.R.1","m.T.C.R.4",0.000306302167087832,0.395761543762922,0.0739719733517115,0.101022283482656,0.428937897235623
"CbMPDiCbraya","m.R.A.R.1","m.T.C.R.5",0.00407764759935676,0.404165709472394,0.0708706639099472,0.130063557699671,0.390822421318631
"CbMPDiCbraya","m.R.A.R.1","m.T.C.R.6",0.00239298568037369,0.415384026341986,0.0507695841948082,0.137376521938893,0.394076881843939
"CbMPDiCbraya","m.R.A.R.1","m.T.D.R.1",0.000306302167087832,0.410770349950226,0.0704686423156444,0.0650509227352783,0.453403782831764
"CbMPDiCbraya","m.R.A.R.1","m.T.D.R.2",0.00308216555632131,0.396661306378743,0.0673481889884371,0.0332912167853588,0.49961712229114
"CbMPDiCbraya","m.R.A.R.1","m.T.D.R.3",0.00183781300252699,0.385749291676239,0.0608775557087066,0.0433609005283712,0.508174439084156
"CbMPDiCbraya","m.R.A.R.1","m.T.D.R.4",0.00220154682594379,0.407190443372387,0.0350333103606708,0.0251359215866452,0.530438777854353
"CbMPDiCbraya","m.R.A.R.1","m.T.D.R.5",0.00246956122214565,0.39978175970595,0.0807871965694157,0.114423003292748,0.40253847920974
"CbMPDiCbraya","m.R.A.R.1","m.T.D.R.6",0.0031013094417643,0.420265717129949,0.0735508078719657,0.0677119228118539,0.435370242744467
"CbMPDiCbraya","m.R.A.R.1","R.R.A.R.1",0,0.475438394976644,0.0231066697296883,0.139233478826863,0.362221456466804
"CbMPDiCbraya","m.R.A.R.1","R.R.A.R.2",0.00107205758480741,0.476529596446895,0.0299027490619496,0.137146795313577,0.355348801592771
"CbMPDiCbraya","m.R.A.R.1","R.R.A.R.3",0,0.441802588253312,0.038383490313194,0.0955088444750747,0.424305076958419
"CbMPDiCbraya","m.R.A.R.1","R.R.A.R.4",0.000804043188605559,0.536124511830921,0.012768971590474,0.119132399111724,0.331170074278275
"CbMPDiCbraya","m.R.A.R.1","R.R.A.R.5",0.000555172677846696,0.500957194272149,0.021824029405008,0.110019909640861,0.366643694004135
"CbMPDiCbraya","m.R.A.R.1","R.R.A.R.6",0.00185695688796998,0.547687418638487,0.0138984608316104,0.114154988896546,0.322402174745386
"CbMPDiCbraya","m.R.A.R.1","R.R.B.R.1",0.00294815835822038,0.510931158587947,0.0176698062638793,0.144344896240141,0.324105980549812
"CbMPDiCbraya","m.R.A.R.1","R.R.B.R.2",0.000650892105061643,0.491308676008883,0.0260739719733517,0.166398652270465,0.315567807642239
"CbMPDiCbraya","m.R.A.R.1","R.R.B.R.3",0.00204839574239988,0.452963473466575,0.0294624396967609,0.0947239451719121,0.420801745922352
"CbMPDiCbraya","m.R.A.R.1","R.R.B.R.4",0.000172294968986906,0.50871046787656,0.0179569645455242,0.131920514587641,0.341239758021288
"CbMPDiCbraya","m.R.A.R.1","R.R.B.R.5",0.0012826403246803,0.479152308752584,0.0315682670954897,0.154318860555938,0.333677923271307
"CbMPDiCbraya","m.R.A.R.1","R.R.B.R.6",0.00199096408607091,0.568152232177043,0.0121755111417413,0.141186155142048,0.276495137453098
"CbMPDiCbraya","m.R.A.R.1","R.R.C.R.1",0.000861474844934528,0.582663297342829,0.0206945401638717,0.147235622942032,0.248545064706333
"CbMPDiCbraya","m.R.A.R.1","R.R.C.R.2",0,0.578432498659928,0.0168657630752738,0.106037981468719,0.298663756796079
"CbMPDiCbraya","m.R.A.R.1","R.R.C.R.3",0.000861474844934528,0.542748296194196,0.021824029405008,0.129584960563596,0.304981238992266
"CbMPDiCbraya","m.R.A.R.1","R.R.C.R.4",0.00162723026265411,0.54251856956888,0.0149130867600888,0.136917068688261,0.304024044720116
"CbMPDiCbraya","m.R.A.R.1","R.R.C.R.5",0.00118692089746535,0.532793475763841,0.0177080940347653,0.082050693008653,0.366260816295275
"CbMPDiCbraya","m.R.A.R.1","R.R.C.R.6",0.0025461367639176,0.58536258519029,0.0173443602113485,0.0327169002220691,0.362030017612375
"CbMPDiCbraya","m.R.A.R.1","R.R.D.R.1",0.00262271230568956,0.499827705031013,0.045581591239758,0.15202159430278,0.29994639712076
"CbMPDiCbraya","m.R.A.R.1","R.R.D.R.2",0.00195267631518493,0.480013783597519,0.0458304617505169,0.149188299257217,0.323014779079562
"CbMPDiCbraya","m.R.A.R.1","R.R.D.R.3",0.00331189218163719,0.492074431426602,0.0486637567960793,0.0989738877402558,0.356976031855425
"CbMPDiCbraya","m.R.A.R.1","R.R.D.R.4",0.00323531663986523,0.507523546979095,0.0544452101998622,0.0306876483651122,0.404108277816066
"CbMPDiCbraya","m.R.A.R.1","R.R.D.R.5",0.00248870510758864,0.51709548970059,0.0559575771498583,0.0697220307833678,0.354736197258596
"CbMPDiCbraya","m.R.A.R.1","R.R.D.R.6",0.00760012252086684,0.546155907803048,0.0283712382265105,0.105463664905429,0.312409066544146
"CbMPDiCbraya","m.R.A.R.1","R.T.A.R.1",0.000727467646833601,0.435485106057125,0.0679033616662838,0.101213722337086,0.394670342292672
"CbMPDiCbraya","m.R.A.R.1","R.T.A.R.2",0.0010912014702504,0.423635040967915,0.0331189218163718,0.0280457921739796,0.514109043571483
"CbMPDiCbraya","m.R.A.R.1","R.T.A.R.3",0.00285243893100544,0.436557163641933,0.0574125124435255,0.191228271690022,0.311949613293514
"CbMPDiCbraya","m.R.A.R.1","R.T.A.R.4",0.00112948924113638,0.492687035760778,0.0297878857492917,0.0808446282257447,0.395550961023049
"CbMPDiCbraya","m.R.A.R.1","R.T.A.R.5",0.00258442453480358,0.470020675396278,0.0290221303315721,0.0989930316256988,0.399379738111647
"CbMPDiCbraya","m.R.A.R.1","R.T.A.R.6",0.00143579140822421,0.631365341909794,0.00874875564744621,0.0404701738264798,0.317979937208056
"CbMPDiCbraya","m.R.A.R.1","R.T.B.R.1",0.000516884906960717,0.395952982617352,0.0598246420093422,0.076632973428287,0.467072517038058
"CbMPDiCbraya","m.R.A.R.1","R.T.B.R.2",0.000344589937973811,0.440079638563443,0.0302281951144804,0.0661612680909717,0.463186308293131
"CbMPDiCbraya","m.R.A.R.1","R.T.B.R.3",0.00227812236771575,0.414216249329964,0.0542537713454323,0.0599777930928861,0.469274063864002
"CbMPDiCbraya","m.R.A.R.1","R.T.B.R.4",0.00281415116011946,0.457021977180489,0.0603223830308599,0.1156482119611,0.364193276667432
"CbMPDiCbraya","m.R.A.R.1","R.T.B.R.5",0.00149322306455318,0.441706868826097,0.0533157209587258,0.0758672180105674,0.427616969140057
"CbMPDiCbraya","m.R.A.R.1","R.T.B.R.6",0.00080404318860556,0.440022206907114,0.0733976567884218,0.0993184776782296,0.386457615437629
"CbMPDiCbraya","m.R.A.R.1","R.T.C.R.1",0.000516884906960717,0.406386400183781,0.0837162110421931,0.134830385174975,0.37455011869209
"CbMPDiCbraya","m.R.A.R.1","R.T.C.R.2",0.00354161880695306,0.444846466038747,0.0715406999004518,0.11007734129719,0.369993873956658
"CbMPDiCbraya","m.R.A.R.1","R.T.C.R.3",0.000631748219618654,0.434087602419787,0.0402787349720499,0.108469254919979,0.416532659468566
"CbMPDiCbraya","m.R.A.R.1","R.T.C.R.4",0.000306302167087832,0.419097940117926,0.0498889654644307,0.0879661536105368,0.442740638640018
"CbMPDiCbraya","m.R.A.R.1","R.T.C.R.5",0.00220154682594379,0.429416494371698,0.0614518722719963,0.138123133471169,0.368806953059193
"CbMPDiCbraya","m.R.A.R.1","R.T.C.R.6",0.000650892105061643,0.48014779079562,0.0289264109043571,0.0996822115016464,0.390592694693315
"CbMPDiCbraya","m.R.A.R.1","R.T.D.R.1",0.00141664752278122,0.421069760318554,0.0852668657630753,0.10098399571177,0.39126273068382
"CbMPDiCbraya","m.R.A.R.1","R.T.D.R.2",0,0.413718508308446,0.0505207136840493,0.135174975112949,0.400585802894555
"CbMPDiCbraya","m.R.A.R.1","R.T.D.R.3",0.00264185619113255,0.430986292978023,0.069396584730837,0.166456083926794,0.330519182173214
"CbMPDiCbraya","m.R.A.R.1","R.T.D.R.4",0.00432651811011563,0.395914694846466,0.0561681598897312,0.0562638793169462,0.487326747836741
"CbMPDiCbraya","m.R.A.R.1","R.T.D.R.5",0,0.497185848839881,0.0218048855195651,0.130369859866759,0.350639405773796
"CbMPDiCbraya","m.R.A.R.1","R.T.D.R.6",0.0045562447354315,0.440328509074202,0.060303239145417,0.0667547285397044,0.428057278505245
"CbMPDiCbraya","m.R.A.R.1","v.R.A.R.1",0.00308216555632131,0.41463741480971,0.0907228731143273,0.0690711386783062,0.422486407841335
"CbMPDiCbraya","m.R.A.R.1","v.R.A.R.2",0.00543686346580902,0.389941802588253,0.0987824488858259,0.0190098782448886,0.486829006815223
"CbMPDiCbraya","m.R.A.R.1","v.R.A.R.3",0.00078489930316257,0.404567731066697,0.0704686423156444,0.0655869515276821,0.458591775786814
"CbMPDiCbraya","m.R.A.R.1","v.R.A.R.4",0.00576230951833984,0.409679148479975,0.0989355999693698,0.0155256910942645,0.47009725093805
"CbMPDiCbraya","m.R.A.R.1","v.R.A.R.5",0.0032927482961942,0.422428976185007,0.0762118079485412,0.0398384256068612,0.458228041963397
"CbMPDiCbraya","m.R.A.R.1","v.R.A.R.6",0.0023738417949307,0.429531357684356,0.069377440845394,0.0661421242055288,0.432575235469791
"CbMPDiCbraya","m.R.A.R.1","v.R.B.R.1",0.00038287770885979,0.427808407994487,0.0933647293054598,0.0417719580366031,0.436672026954591
"CbMPDiCbraya","m.R.A.R.1","v.R.B.R.2",0.000306302167087832,0.376866528830691,0.152576766980626,0.0575082318707405,0.412742170150854
"CbMPDiCbraya","m.R.A.R.1","v.R.B.R.3",0.00275671950379049,0.385251550654721,0.108048089440233,0.0138793169461674,0.490064323455088
"CbMPDiCbraya","m.R.A.R.1","v.R.B.R.4",0.00210582739872885,0.383700895933839,0.0520330806340455,0.0606286851979478,0.501531510835439
"CbMPDiCbraya","m.R.A.R.1","v.R.B.R.5",0.00356076269239605,0.411957270847691,0.0868175204839574,0.0561298721188452,0.44153457385711
"CbMPDiCbraya","m.R.A.R.1","v.R.B.R.6",0.00593460448732675,0.403610536794548,0.105291369936442,0.0577571023814994,0.427406386400184
"CbMPDiCbraya","m.R.A.R.1","v.R.C.R.1",0.00340761160885213,0.433896163565357,0.0558235699517574,0.0407381882226817,0.466134466651352
"CbMPDiCbraya","m.R.A.R.1","v.R.C.R.2",0.0020101079715139,0.428267861245118,0.0713109732751359,0.0686691170840034,0.429741940424228
"CbMPDiCbraya","m.R.A.R.1","v.R.C.R.3",0.00277586338923348,0.412914465119841,0.0920820889807795,0.0654529443295811,0.426774638180565
"CbMPDiCbraya","m.R.A.R.1","v.R.C.R.4",0.00459453250631748,0.403323378512903,0.0806531893713148,0.0118500650892105,0.499578834520254
"CbMPDiCbraya","m.R.A.R.1","v.R.C.R.5",0.0114097557240217,0.401294126655946,0.149934910789494,0.0226472164790566,0.414713990351482
"CbMPDiCbraya","m.R.A.R.1","v.R.C.R.6",0.00501569798606325,0.386266176583199,0.170935753120453,0.0160425760012252,0.421739796309059
"CbMPDiCbraya","m.R.A.R.1","v.R.D.R.1",0.00120606478290834,0.400930392832529,0.126349643923731,0.0622176276897159,0.409296270771116
"CbMPDiCbraya","m.R.A.R.1","v.R.D.R.2",0.00662378436327437,0.38530898231105,0.126713377747148,0,0.481353855578528
"CbMPDiCbraya","m.R.A.R.1","v.R.D.R.3",0.00614518722719963,0.397963090588866,0.117352017765526,0.0113140362968068,0.467225668121602
"CbMPDiCbraya","m.R.A.R.1","v.R.D.R.4",0.00926564055440692,0.438452408300789,0.0909717436250861,0.0143004824259132,0.447009725093805
"CbMPDiCbraya","m.R.A.R.1","v.R.D.R.5",0.00509227352783521,0.42667891875335,0.0680948005207137,0.00964851826326671,0.490485488934834
"CbMPDiCbraya","m.R.A.R.1","v.R.D.R.6",0.00472853970441841,0.413086760088828,0.0443180948005207,0.047361972585956,0.490504632820277
"CbMPDiCbraya","m.R.A.R.1","v.T.A.R.1",0.00277586338923348,0.399877479133165,0.10469790948771,0.0381346198024351,0.454514128187457
"CbMPDiCbraya","m.R.A.R.1","v.T.A.R.2",0.000918906501263497,0.40810934987365,0.0677502105827399,0.063806570181484,0.459414962860862
"CbMPDiCbraya","m.R.A.R.1","v.T.A.R.3",0.00371391377593996,0.400585802894555,0.0459453250631748,0.0107205758480741,0.539034382418256
"CbMPDiCbraya","m.R.A.R.1","v.T.A.R.4",0.00153151083543916,0.424936825178038,0.0699134696377977,0.0329657707328279,0.470652423615897
"CbMPDiCbraya","m.R.A.R.1","v.T.A.R.5",0.0021824029405008,0.386610766521173,0.0676927789264109,0.0223600581974117,0.521153993414503
"CbMPDiCbraya","m.R.A.R.1","v.T.A.R.6",0.000650892105061643,0.443410674630523,0.060264951374531,0.00681522321770426,0.48885825867218
"CbMPDiCbraya","m.R.A.R.1","v.T.B.R.1",0.00440309365188759,0.405276054828088,0.0867600888276285,0.0283329504556245,0.475227812236772
"CbMPDiCbraya","m.R.A.R.1","v.T.B.R.2",0.00204839574239988,0.426353472700819,0.118653801975649,0.0413316486714143,0.411612680909717
"CbMPDiCbraya","m.R.A.R.1","v.T.B.R.3",0.000516884906960717,0.40592694693315,0.141205299027491,0.0762500957194272,0.376100773412972
"CbMPDiCbraya","m.R.A.R.1","v.T.B.R.4",0.001818669117084,0.432670954897006,0.138582586721801,0.0144344896240141,0.412493299640095
"CbMPDiCbraya","m.R.A.R.1","v.T.B.R.5",0.00252699287847462,0.451757408683666,0.143330270311662,0.0183398422543839,0.384045485871813
"CbMPDiCbraya","m.R.A.R.1","v.T.B.R.6",0.0010912014702504,0.411899839191362,0.078432498659928,0.0561298721188452,0.452446588559614
"CbMPDiCbraya","m.R.A.R.1","v.T.C.R.1",0.000536028792403706,0.418715062409067,0.119400413507926,0.0610115629068076,0.400336932383797
"CbMPDiCbraya","m.R.A.R.1","v.T.C.R.2",0.00386706485948388,0.399418025882533,0.0576613829542844,0.127996018071828,0.411057508231871
"CbMPDiCbraya","m.R.A.R.1","v.T.C.R.3",0.00417336702657171,0.42277356612298,0.0636917068688261,0.0932115782219159,0.416149781759706
"CbMPDiCbraya","m.R.A.R.1","v.T.C.R.4",0.00168466191898308,0.462765142813385,0.0467302243663374,0.0631556780764224,0.425664292824872
"CbMPDiCbraya","m.R.A.R.1","v.T.C.R.5",0.00229726625315874,0.478137682824106,0.0564170304004901,0.069377440845394,0.393770579676851
"CbMPDiCbraya","m.R.A.R.1","v.T.C.R.6",0.00076575541771958,0.406577839038211,0.0679990810934987,0.107780075044031,0.41687724940654
"CbMPDiCbraya","m.R.A.R.1","v.T.D.R.1",0.000421165479745769,0.430277969216632,0.0606478290833908,0.0381346198024351,0.470518416417796
"CbMPDiCbraya","m.R.A.R.1","v.T.D.R.2",0,0.415269163029328,0.0612030017612375,0.0369668427904127,0.486560992419021
"CbMPDiCbraya","m.R.A.R.1","v.T.D.R.3",0.00306302167087832,0.390841565204074,0.104602190060495,0.0867409449421855,0.414752278122368
"CbMPDiCbraya","m.R.A.R.1","v.T.D.R.4",0.005475151236695,0.435102228348266,0.0515161957270848,0.0295198713530898,0.478386553334865
"CbMPDiCbraya","m.R.A.R.1","v.T.D.R.5",0.00160808637721112,0.460410444903898,0.0535454475840417,0.072976491308676,0.411459529826174
"CbMPDiCbraya","m.R.A.R.1","v.T.D.R.6",0.00350333103606708,0.373822651045256,0.0634619802435102,0.0244084539398116,0.534803583735355
"CbMPDiCbraya","m.R.A.R.2","m.R.A.R.3",0.00754269086453787,0.494543992648748,0.0163105903974271,0.0504632820277203,0.431139444061567
"CbMPDiCbraya","m.R.A.R.2","m.R.A.R.4",0.00580059728922582,0.561394440615667,0.0085764606784593,0.112202312581362,0.312026188835286
"CbMPDiCbraya","m.R.A.R.2","m.R.A.R.5",0.00499655410062026,0.560552109656176,0.011026878015162,0.0854200168466192,0.338004441381423
"CbMPDiCbraya","m.R.A.R.2","m.R.A.R.6",0.00664292824871736,0.485259208208898,0.0159277126885673,0.0285818209663833,0.463588329887434
"CbMPDiCbraya","m.R.A.R.2","m.R.B.R.1",0.0110460219006049,0.505992036143656,0.0165786047936289,0.0563213109732751,0.410062026188835
"CbMPDiCbraya","m.R.A.R.2","m.R.B.R.2",0.00939964775250785,0.487403323378513,0.0147216479056589,0.0809786354238456,0.407496745539475
"CbMPDiCbraya","m.R.A.R.2","m.R.B.R.3",0.00890190673099012,0.497511294892411,0.0187227199632437,0.0359330729764913,0.438931005436863
"CbMPDiCbraya","m.R.A.R.2","m.R.B.R.4",0.00828930239681446,0.550673864767593,0.00928478443984991,0.0960640171529214,0.335688031242821
"CbMPDiCbraya","m.R.A.R.2","m.R.B.R.5",0.0067577915613753,0.584692549199786,0.00614518722719963,0.100543686346581,0.301860785665059
"CbMPDiCbraya","m.R.A.R.2","m.R.B.R.6",0.010969446358833,0.522800367562601,0.0159851443448962,0.0816486714143503,0.36859637031932
"CbMPDiCbraya","m.R.A.R.2","m.R.C.R.1",0.00616433111264262,0.659028256374914,0.0121563672562983,0.141435025652806,0.181216019603339
"CbMPDiCbraya","m.R.A.R.2","m.R.C.R.2",0.00373305766138295,0.669614825024887,0.010931158587947,0.144632054521786,0.171088904203997
"CbMPDiCbraya","m.R.A.R.2","m.R.C.R.3",0.00560915843479593,0.549927253235317,0.014625928478444,0.169978558848304,0.25985910100314
"CbMPDiCbraya","m.R.A.R.2","m.R.C.R.4",0.00652806493605942,0.560169231947316,0.0196224825790642,0.12954667279271,0.28413354774485
"CbMPDiCbraya","m.R.A.R.2","m.R.C.R.5",0.00865303622023126,0.55808254843403,0.0281223677157516,0.0773795849605636,0.327762462669423
"CbMPDiCbraya","m.R.A.R.2","m.R.C.R.6",0.00476682747530439,0.550367562600505,0.021881461061337,0.0921203767516655,0.330863772111188
"CbMPDiCbraya","m.R.A.R.2","m.R.D.R.1",0.00574316563289685,0.560800980166935,0.0107971513898461,0.0906654414579983,0.331993261352324
"CbMPDiCbraya","m.R.A.R.2","m.R.D.R.2",0.00585802894555479,0.531242821042959,0.0179761084309671,0.0309939505322,0.413929091048319
"CbMPDiCbraya","m.R.A.R.2","m.R.D.R.3",0.00664292824871736,0.538000612604334,0.00983995711769661,0.127785435331955,0.317731066697297
"CbMPDiCbraya","m.R.A.R.2","m.R.D.R.4",0.005475151236695,0.571808714296654,0.00972509380503867,0.0873726931618041,0.325618347499809
"CbMPDiCbraya","m.R.A.R.2","m.R.D.R.5",0.003656482119611,0.545390152385328,0.00932307221073589,0.0900528371238226,0.351577456160502
"CbMPDiCbraya","m.R.A.R.2","m.R.D.R.6",0.009131633356306,0.488322229879776,0.0216900222069071,0.0484148862853205,0.43244122827169
"CbMPDiCbraya","m.R.A.R.2","m.T.A.R.1",0.00890190673099012,0.41873420629451,0.091297189677617,0.0217474538632361,0.459319243433647
"CbMPDiCbraya","m.R.A.R.2","m.T.A.R.2",0.00666207213416035,0.451814840339995,0.0380197564897772,0.00832759016770044,0.495175740868367
"CbMPDiCbraya","m.R.A.R.2","m.T.A.R.3",0.00775327360441075,0.444138142277357,0.0393981162416724,0.0161574393138831,0.492553028562677
"CbMPDiCbraya","m.R.A.R.2","m.T.A.R.4",0.00574316563289685,0.495233172524696,0.076613829542844,0.0514587640707558,0.370951068228808
"CbMPDiCbraya","m.R.A.R.2","m.T.A.R.5",0.00706409372846313,0.447526610000766,0.0725361819434873,0.0294432958113179,0.443429818515966
"CbMPDiCbraya","m.R.A.R.2","m.T.A.R.6",0.00673864767593231,0.441553717742553,0.0597289225821273,0.0144153457385711,0.477563366260816
"CbMPDiCbraya","m.R.A.R.2","m.T.B.R.1",0.00683436710314725,0.462056819051995,0.0486063251397504,0.0153725400107206,0.467129948694387
"CbMPDiCbraya","m.R.A.R.2","m.T.B.R.2",0.00606861168542767,0.494697143732292,0.0445861091967226,0.00905505781453404,0.445593077571024
"CbMPDiCbraya","m.R.A.R.2","m.T.B.R.3",0.0093039283252929,0.42258212726855,0.0608775557087066,0.0283329504556245,0.478903438241826
"CbMPDiCbraya","m.R.A.R.2","m.T.B.R.4",0.00723638869745003,0.450091890650126,0.0406424687954667,0.0129221226740179,0.489107129182939
"CbMPDiCbraya","m.R.A.R.2","m.T.B.R.5",0.00740868366643694,0.463588329887434,0.0381154759169921,0.0368711233631978,0.454016387165939
"CbMPDiCbraya","m.R.A.R.2","m.T.B.R.6",0.00888276284554713,0.434661918983077,0.0544643540853052,0.00853817290757332,0.493452791178498
"CbMPDiCbraya","m.R.A.R.2","m.T.C.R.1",0.00710238149934911,0.423060724404625,0.117486024963627,0.0251933532429742,0.427157515889425
"CbMPDiCbraya","m.R.A.R.2","m.T.C.R.2",0.0102228348265564,0.429320774944483,0.087659851443449,0.00405850371391378,0.468738035071598
"CbMPDiCbraya","m.R.A.R.2","m.T.C.R.3",0.0135347270081936,0.440826250095719,0.0551726778466958,0.0250019143885443,0.465464430660847
"CbMPDiCbraya","m.R.A.R.2","m.T.C.R.4",0.00589631671644077,0.414311968757179,0.0843862470326978,0.0117543456619956,0.483651121831687
"CbMPDiCbraya","m.R.A.R.2","m.T.C.R.5",0.0101079715138985,0.439122444291293,0.0787196569415729,0.071119534420706,0.400930392832529
"CbMPDiCbraya","m.R.A.R.2","m.T.C.R.6",0.00687265487403323,0.433704724710927,0.0615093039283253,0.00562830232023892,0.492285014166475
"CbMPDiCbraya","m.R.A.R.2","m.T.D.R.1",0.00853817290757332,0.447028868979248,0.0706217933991883,0.0279500727467647,0.445861091967226
"CbMPDiCbraya","m.R.A.R.2","m.T.D.R.2",0.0102802664828854,0.436652883069148,0.0676927789264109,0.0405467493682518,0.444827322153304
"CbMPDiCbraya","m.R.A.R.2","m.T.D.R.3",0.0093039283252929,0.402461903667968,0.0915077724174898,0.014606784593001,0.482119610996248
"CbMPDiCbraya","m.R.A.R.2","m.T.D.R.4",0.00750440309365189,0.412895321234398,0.0453901523853281,0.00317788498353626,0.531032238303086
"CbMPDiCbraya","m.R.A.R.2","m.T.D.R.5",0.00945707940883682,0.431656328968527,0.0750440309365189,0.0257485259208209,0.458094034765296
"CbMPDiCbraya","m.R.A.R.2","m.T.D.R.6",0.0131135615284478,0.45824718584884,0.0741059805498124,0.00702580595757715,0.447507466115323
"CbMPDiCbraya","m.R.A.R.2","R.R.A.R.1",0.00918906501263496,0.498449345279118,0.0176315184929933,0.0832567577915614,0.391473313423692
"CbMPDiCbraya","m.R.A.R.2","R.R.A.R.2",0.0115054751512367,0.504690251933532,0.0295390152385328,0.105176506623784,0.349088751052914
"CbMPDiCbraya","m.R.A.R.2","R.R.A.R.3",0.0116203384638946,0.477199632437399,0.0386323608239528,0.0762692396048702,0.396278428669883
"CbMPDiCbraya","m.R.A.R.2","R.R.A.R.4",0.00666207213416035,0.567865073895398,0.007293820353779,0.112910636342752,0.305268397273911
"CbMPDiCbraya","m.R.A.R.2","R.R.A.R.5",0.00668121601960334,0.527567195037905,0.0101462592847844,0.0735699517574087,0.382035377900299
"CbMPDiCbraya","m.R.A.R.2","R.R.A.R.6",0.00677693544681829,0.565740102611226,0.00849988513668734,0.146527299180642,0.272455777624627
"CbMPDiCbraya","m.R.A.R.2","R.R.B.R.1",0.00627919442530056,0.54604104449039,0.0147216479056589,0.132475687265487,0.300482425913163
"CbMPDiCbraya","m.R.A.R.2","R.R.B.R.2",0.00733210812466498,0.533635806723333,0.0261888352860096,0.134772953518646,0.298070296347347
"CbMPDiCbraya","m.R.A.R.2","R.R.B.R.3",0.00871046787656023,0.491940424228501,0.0352247492151007,0.0560532965770733,0.408071062102764
"CbMPDiCbraya","m.R.A.R.2","R.R.B.R.4",0.0074852592082089,0.52580595757715,0.0197947775480512,0.120568190519948,0.326345815146642
"CbMPDiCbraya","m.R.A.R.2","R.R.B.R.5",0.00735125201010797,0.512213798912627,0.0230875258442453,0.11411670112566,0.343230722107359
"CbMPDiCbraya","m.R.A.R.2","R.R.B.R.6",0.00727467646833601,0.588578757944712,0.0107971513898461,0.139750363733823,0.253599050463282
"CbMPDiCbraya","m.R.A.R.2","R.R.C.R.1",0.00851902902213033,0.59445593077571,0.0189333027031166,0.176353472700819,0.201738264798223
"CbMPDiCbraya","m.R.A.R.2","R.R.C.R.2",0.00610689945631365,0.599529060418102,0.0231832452714603,0.16611149398882,0.205069300865304
"CbMPDiCbraya","m.R.A.R.2","R.R.C.R.3",0.00648977716517344,0.566199555861858,0.0166743242208439,0.153744543992649,0.256891798759476
"CbMPDiCbraya","m.R.A.R.2","R.R.C.R.4",0.00610689945631365,0.5578911095796,0.0154874033233785,0.136304464354085,0.284210123286622
"CbMPDiCbraya","m.R.A.R.2","R.R.C.R.5",0.00608775557087066,0.569875181866912,0.0130369859866759,0.103453556933915,0.307546519641626
"CbMPDiCbraya","m.R.A.R.2","R.R.C.R.6",0.00434566199555862,0.620281032238303,0.0898039666130638,0.0411976414733134,0.244371697679761
"CbMPDiCbraya","m.R.A.R.2","R.R.D.R.1",0.00727467646833601,0.512654108277816,0.0446626847384945,0.169844551650203,0.26556397886515
"CbMPDiCbraya","m.R.A.R.2","R.R.D.R.2",0.00660464047783138,0.50890190673099,0.0551918217321388,0.124224672639559,0.305076958419481
"CbMPDiCbraya","m.R.A.R.2","R.R.D.R.3",0.0105865686499732,0.519392755953748,0.0425568573397657,0.043724634351788,0.383739183704725
"CbMPDiCbraya","m.R.A.R.2","R.R.D.R.4",0.00685351098859024,0.553124282104296,0.0402595910866069,0.0486063251397504,0.351156290680757
"CbMPDiCbraya","m.R.A.R.2","R.R.D.R.5",0.00855731679301631,0.550405850371391,0.0521670878321464,0.0773987288460066,0.311471016157439
"CbMPDiCbraya","m.R.A.R.2","R.R.D.R.6",0.00599203614365572,0.561203001761237,0.0228195114480435,0.103759859101003,0.30622559154606
"CbMPDiCbraya","m.R.A.R.2","R.T.A.R.1",0.00526456849682212,0.479822344743089,0.0795045562447354,0.038326058656865,0.397082471858488
"CbMPDiCbraya","m.R.A.R.2","R.T.A.R.2",0.00509227352783521,0.457921739796309,0.031108813844858,0.0251933532429742,0.480683819588024
"CbMPDiCbraya","m.R.A.R.2","R.T.A.R.3",0.00805957577149858,0.479726625315874,0.0502144115169615,0.034669576537254,0.427329810858412
"CbMPDiCbraya","m.R.A.R.2","R.T.A.R.4",0.00853817290757332,0.517822957347423,0.029213569186002,0.0687456926257753,0.375679607933226
"CbMPDiCbraya","m.R.A.R.2","R.T.A.R.5",0.00704494984302014,0.498564208591776,0.0210965617581744,0.051056742476453,0.422237537330577
"CbMPDiCbraya","m.R.A.R.2","R.T.A.R.6",0.00350333103606708,0.66278045792174,0.00394364040125584,0.103262118079485,0.226510452561452
"CbMPDiCbraya","m.R.A.R.2","R.T.B.R.1",0.00681522321770426,0.44819664599127,0.0654338004441381,0.0220728999157669,0.45748143043112
"CbMPDiCbraya","m.R.A.R.2","R.T.B.R.2",0.00773412971896776,0.451106516578605,0.0361436557163642,0.062121908262501,0.442893789723562
"CbMPDiCbraya","m.R.A.R.2","R.T.B.R.3",0.0131709931847768,0.445401638716594,0.0528179799372081,0.000670035990504633,0.487939352170917
"CbMPDiCbraya","m.R.A.R.2","R.T.B.R.4",0.00641320162340149,0.473007121525385,0.0679416494371698,0.0708515200245042,0.38178650738954
"CbMPDiCbraya","m.R.A.R.2","R.T.B.R.5",0.00557087066390995,0.469542078260204,0.0621601960333869,0.00916992112719197,0.453556933915307
"CbMPDiCbraya","m.R.A.R.2","R.T.B.R.6",0.00723638869745004,0.476031855425377,0.0660846925491998,0.0471322459606402,0.403514817367333
"CbMPDiCbraya","m.R.A.R.2","R.T.C.R.1",0.00662378436327437,0.464736963014013,0.0807106210276438,0.0449689869055824,0.402959644689486
"CbMPDiCbraya","m.R.A.R.2","R.T.C.R.2",0.00970594991959568,0.484704035531051,0.0621984838042729,0.0900528371238227,0.353338693621257
"CbMPDiCbraya","m.R.A.R.2","R.T.C.R.3",0.00918906501263496,0.458744926870358,0.0417336702657171,0.0653380810169232,0.424994256834367
"CbMPDiCbraya","m.R.A.R.2","R.T.C.R.4",0.00710238149934911,0.455547898001378,0.0560341526916303,0.0451221379891263,0.436193429818516
"CbMPDiCbraya","m.R.A.R.2","R.T.C.R.5",0.00742782755187993,0.443123516348878,0.0545792173979631,0.0429780228195114,0.451891415881767
"CbMPDiCbraya","m.R.A.R.2","R.T.C.R.6",0.00442223753733058,0.514128187456926,0.0431120300176124,0.0913546213339459,0.346982923654185
"CbMPDiCbraya","m.R.A.R.2","R.T.D.R.1",0.00626005053985757,0.458534344130485,0.0902442759782525,0.0314725476682748,0.41348878168313
"CbMPDiCbraya","m.R.A.R.2","R.T.D.R.2",0.00805957577149858,0.451987135308982,0.0525499655410062,0.0628493759093346,0.424553947469178
"CbMPDiCbraya","m.R.A.R.2","R.T.D.R.3",0.0105291369936442,0.472643387701968,0.0621410521479439,0.0916226357301478,0.363063787426296
"CbMPDiCbraya","m.R.A.R.2","R.T.D.R.4",0.0116394823493376,0.43301554483498,0.0540623324910024,0.034688720422697,0.466593919901983
"CbMPDiCbraya","m.R.A.R.2","R.T.D.R.5",0.00863389233478827,0.52670572019297,0.0197756336626082,0.0106057125354162,0.434279041274217
"CbMPDiCbraya","m.R.A.R.2","R.T.D.R.6",0.00961023049238073,0.468699747300712,0.053009418791638,0.0539283252929014,0.414752278122368
"CbMPDiCbraya","m.R.A.R.2","v.R.A.R.1",0.00848074125124435,0.447430890573551,0.146106133700896,0.0443372386859637,0.353644995788345
"CbMPDiCbraya","m.R.A.R.2","v.R.A.R.2",0.0107014319626311,0.462018531281109,0.0706217933991883,0.0171529213569186,0.439505322000153
"CbMPDiCbraya","m.R.A.R.2","v.R.A.R.3",0.007293820353779,0.464181790336167,0.122195420782602,0.014511065165786,0.391817903361666
"CbMPDiCbraya","m.R.A.R.2","v.R.A.R.4",0.0184164177961559,0.445554789800138,0.105865686499732,0.027433187839804,0.40272991806417
"CbMPDiCbraya","m.R.A.R.2","v.R.A.R.5",0.0137453097480665,0.452944329581132,0.0989738877402558,0.0477065625239299,0.386629910406616
"CbMPDiCbraya","m.R.A.R.2","v.R.A.R.6",0.0142430507695842,0.432900681522322,0.140975572402175,0.0359139290910483,0.375966766214871
"CbMPDiCbraya","m.R.A.R.2","v.R.B.R.1",0.00939964775250785,0.47771651734436,0.0863006355769967,0.0103376981392143,0.416245501186921
"CbMPDiCbraya","m.R.A.R.2","v.R.B.R.2",0.0101271153993415,0.417145263802741,0.156711846236312,0.00369476989049698,0.412321004671108
"CbMPDiCbraya","m.R.A.R.2","v.R.B.R.3",0.00880618730377517,0.437858947852056,0.122597442376905,0.0214602955815912,0.409277126885673
"CbMPDiCbraya","m.R.A.R.2","v.R.B.R.4",0.0107397197335171,0.440022206907114,0.063883145723256,0.00352247492151007,0.481832452714603
"CbMPDiCbraya","m.R.A.R.2","v.R.B.R.5",0.0118117773183245,0.442051458764071,0.087640707558006,0.0526648288536641,0.405831227505935
"CbMPDiCbraya","m.R.A.R.2","v.R.B.R.6",0.016425453710085,0.435121372233709,0.103204686423156,0.0475916992112719,0.397656788421778
"CbMPDiCbraya","m.R.A.R.2","v.R.C.R.1",0.0147025040202159,0.461865380197565,0.0667930163105904,0.0289646986752431,0.427674400796386
"CbMPDiCbraya","m.R.A.R.2","v.R.C.R.2",0.0129795543303469,0.448636955356459,0.0943027796921663,0.0295390152385328,0.414541695382495
"CbMPDiCbraya","m.R.A.R.2","v.R.C.R.3",0.0133432881537637,0.442606631441917,0.0950493912244429,0.012788115475917,0.436212573703959
"CbMPDiCbraya","m.R.A.R.2","v.R.C.R.4",0.0084041657094724,0.424285933072977,0.0849605635959874,0.00379048931771192,0.478558848303852
"CbMPDiCbraya","m.R.A.R.2","v.R.C.R.5",0.0120223600581974,0.426181177731832,0.1486905582357,0.0664675702580596,0.346638333716211
"CbMPDiCbraya","m.R.A.R.2","v.R.C.R.6",0.0107588636189601,0.413029328432499,0.187954667279271,0.0395321234397733,0.348725017229497
"CbMPDiCbraya","m.R.A.R.2","v.R.D.R.1",0.00626005053985757,0.451278811547592,0.118347499808561,0.0431503177884984,0.380963320315491
"CbMPDiCbraya","m.R.A.R.2","v.R.D.R.2",0.0108545830461751,0.440309365188759,0.101079715138985,0.00407764759935677,0.443678689026725
"CbMPDiCbraya","m.R.A.R.2","v.R.D.R.3",0.0110651657860479,0.427176659774868,0.120242744467417,0.0357416341220614,0.405773795849606
"CbMPDiCbraya","m.R.A.R.2","v.R.D.R.4",0.0135921586645226,0.476223294279807,0.089401945018761,0.0104334175664293,0.41034918447048
"CbMPDiCbraya","m.R.A.R.2","v.R.D.R.5",0.00306302167087832,0.435829695995099,0.119381269622483,0.00509227352783521,0.436633739183705
"CbMPDiCbraya","m.R.A.R.2","v.R.D.R.6",0.0169231947316027,0.437992955050157,0.0517459223524006,0.0416379508385022,0.451699977027337
"CbMPDiCbraya","m.R.A.R.2","v.T.A.R.1",0.00943793552339383,0.439715904740026,0.08945937667509,0.0212114250708324,0.440175357990658
"CbMPDiCbraya","m.R.A.R.2","v.T.A.R.2",0.00534114403859407,0.445899379738112,0.0715981315567808,0.0202159430277969,0.456945401638717
"CbMPDiCbraya","m.R.A.R.2","v.T.A.R.3",0.0084041657094724,0.438184393904587,0.0570870663909947,0.00143579140822421,0.494888582586722
"CbMPDiCbraya","m.R.A.R.2","v.T.A.R.4",0.00754269086453787,0.473792020828547,0.074910023738418,0.0517459223524006,0.392009342216096
"CbMPDiCbraya","m.R.A.R.2","v.T.A.R.5",0.00723638869745004,0.423194731602726,0.0947048012864691,0.00849988513668734,0.466364193276667
"CbMPDiCbraya","m.R.A.R.2","v.T.A.R.6",0.00591546060188376,0.457634581514664,0.105731679301631,0.016425453710085,0.414292824871736
"CbMPDiCbraya","m.R.A.R.2","v.T.B.R.1",0.00832759016770044,0.445516502029252,0.106631441917452,0.029232713071445,0.410291752814151
"CbMPDiCbraya","m.R.A.R.2","v.T.B.R.2",0.00823187074048549,0.463301171605789,0.119323837966154,0.0361053679454782,0.373037751742094
"CbMPDiCbraya","m.R.A.R.2","v.T.B.R.3",0.00704494984302014,0.420380580442607,0.142315644383184,0.0442606631441917,0.385998162186997
"CbMPDiCbraya","m.R.A.R.2","v.T.B.R.4",0.00335017995252316,0.459242667891875,0.139252622712306,0.0105674247645302,0.387587104678766
"CbMPDiCbraya","m.R.A.R.2","v.T.B.R.5",0.00413507925568573,0.456122214564668,0.151140975572402,0.0189715904740026,0.369630140133241
"CbMPDiCbraya","m.R.A.R.2","v.T.B.R.6",0.00660464047783138,0.444769890496975,0.0920629450953366,0.029175281415116,0.427387242514741
"CbMPDiCbraya","m.R.A.R.2","v.T.C.R.1",0.00769584194808178,0.435523393828011,0.1508729611762,0.0208668351328586,0.385040967914848
"CbMPDiCbraya","m.R.A.R.2","v.T.C.R.2",0.00714066927023509,0.440749674553947,0.0676927789264109,0.0658932536947699,0.418523623554637
"CbMPDiCbraya","m.R.A.R.2","v.T.C.R.3",0.0139750363733823,0.450781070526074,0.0604181024580749,0.0279309288613217,0.446894861781147
"CbMPDiCbraya","m.R.A.R.2","v.T.C.R.4",0.00403935982847079,0.47919059652347,0.125181866911708,0.0246764683360135,0.366911708400337
"CbMPDiCbraya","m.R.A.R.2","v.T.C.R.5",0.0067577915613753,0.494084539398116,0.122061413584501,0.047438548127728,0.329657707328279
"CbMPDiCbraya","m.R.A.R.2","v.T.C.R.6",0.00591546060188376,0.45843862470327,0.122271996324374,0.0481085841182326,0.36526533425224
"CbMPDiCbraya","m.R.A.R.2","v.T.D.R.1",0.00685351098859024,0.446875717895704,0.0837162110421931,0.0220920438012099,0.440462516272303
"CbMPDiCbraya","m.R.A.R.2","v.T.D.R.2",0.00555172677846696,0.452714602955816,0.0773030094187916,0.0189333027031166,0.445497358143809
"CbMPDiCbraya","m.R.A.R.2","v.T.D.R.3",0.00932307221073589,0.447813768282411,0.119840722873114,0.0242361589708247,0.398786277662914
"CbMPDiCbraya","m.R.A.R.2","v.T.D.R.4",0.0111225974423769,0.468986905582357,0.0577571023814994,0.0299027490619496,0.432230645531817
"CbMPDiCbraya","m.R.A.R.2","v.T.D.R.5",0.00614518722719963,0.485469790948771,0.056627613140363,0.0434374760701432,0.408319932613523
"CbMPDiCbraya","m.R.A.R.2","v.T.D.R.6",0.0100313959721265,0.422103530132476,0.0611072823340225,0.00357990657783904,0.503177884983536
"CbMPDiCbraya","m.R.A.R.3","m.R.A.R.4",0.00945707940883682,0.459089516808331,0.0166360364499579,0.0173826479822345,0.497434719350639
"CbMPDiCbraya","m.R.A.R.3","m.R.A.R.5",0.00670035990504633,0.456275365648212,0.00905505781453404,0.0312045332720729,0.496764683360135
"CbMPDiCbraya","m.R.A.R.3","m.R.A.R.6",0.0103376981392143,0.406864997319856,0.025499655410062,0.0274906194961329,0.529807029634735
"CbMPDiCbraya","m.R.A.R.3","m.R.B.R.1",0.0114863312657937,0.418045026418562,0.0321808714296654,0.0321617275442224,0.506126043341757
"CbMPDiCbraya","m.R.A.R.3","m.R.B.R.2",0.01095030247339,0.418064170304005,0.0321425836587794,0.027452331725247,0.511390611838579
"CbMPDiCbraya","m.R.A.R.3","m.R.B.R.3",0.00943793552339383,0.415326594685657,0.0410827781606555,0.0179569645455242,0.516195727084769
"CbMPDiCbraya","m.R.A.R.3","m.R.B.R.4",0.00899762615820507,0.466613063787426,0.042001684661919,0.0244658855961406,0.457921739796309
"CbMPDiCbraya","m.R.A.R.3","m.R.B.R.5",0.00622176276897159,0.491844704801286,0.0304004900834673,0.0330040585037139,0.438528983842561
"CbMPDiCbraya","m.R.A.R.3","m.R.B.R.6",0.010892870817061,0.42834443678689,0.0390152385328126,0.038402634198637,0.483344819664599
"CbMPDiCbraya","m.R.A.R.3","m.R.C.R.1",0.00903591392909105,0.553679454782143,0.0176315184929933,0.030974806646757,0.388678306149016
"CbMPDiCbraya","m.R.A.R.3","m.R.C.R.2",0.00578145340378283,0.566525001914389,0.0224366337391837,0.0250593460448733,0.380197564897772
"CbMPDiCbraya","m.R.A.R.3","m.R.C.R.3",0.00844245348035837,0.463530898231105,0.0277012022360058,0.0158511371467953,0.484474308905736
"CbMPDiCbraya","m.R.A.R.3","m.R.C.R.4",0.00961023049238073,0.469044337238686,0.0284669576537254,0.018282410598055,0.474596064017153
"CbMPDiCbraya","m.R.A.R.3","m.R.C.R.5",0.0087678995328892,0.458304617505169,0.0422314112872349,0.0351864614442147,0.455509610230492
"CbMPDiCbraya","m.R.A.R.3","m.R.C.R.6",0.00390535263036986,0.464928401868443,0.0268971590474003,0.00246956122214565,0.501799525231641
"CbMPDiCbraya","m.R.A.R.3","m.R.D.R.1",0.00626005053985757,0.460027567195038,0.014683360134773,0.0120797917145264,0.506949230415805
"CbMPDiCbraya","m.R.A.R.3","m.R.D.R.2",0.00495826632973428,0.432670954897006,0.0195459070372923,0.0162148709702121,0.526610000765755
"CbMPDiCbraya","m.R.A.R.3","m.R.D.R.3",0.00585802894555479,0.435217091660923,0.0140516119151543,0.0125775327360441,0.532295734742323
"CbMPDiCbraya","m.R.A.R.3","m.R.D.R.4",0,0.469331495520331,0.0243510222834827,0.0562255915460602,0.450091890650126
